1) Size 100 :

Test[] = {77, 32, 17, 57, 81, 67, 26, 34, 43, 29, 91, 50, 58, 3, 45, 92, 5, 11, 4, 6, 98, 95, 7, 18, 82, 79, 14, 42, 66, 69, 37, 54, 83, 1, 70, 88, 38, 75, 61, 48, 8, 47, 59, 78, 68, 97, 24, 12, 19, 39, 71, 41, 27, 96, 93, 36, 53, 25, 85, 51, 49, 87, 40, 20, 80, 90, 62, 33, 74, 10, 28, 9, 21, 100, 60, 65, 35, 84, 46, 44, 99, 30, 76, 2, 72, 31, 94, 15, 13, 64, 73, 56, 52, 86, 55, 22, 23, 63, 89, 16};

2) Size 250 :

Test[] = {137, 127, 219, 106, 68, 248, 52, 80, 159, 172, 215, 149, 72, 183, 206, 73, 46, 77, 126, 156, 238, 60, 62, 153, 134, 235, 27, 84, 86, 105, 152, 25, 54, 205, 179, 109, 34, 195, 32, 65, 224, 132, 55, 95, 56, 117, 69, 185, 66, 247, 210, 141, 171, 13, 176, 222, 163, 96, 21, 231, 249, 177, 228, 42, 113, 143, 166, 31, 53, 246, 47, 92, 61, 37, 131, 3, 187, 57, 101, 1, 39, 233, 234, 211, 90, 125, 213, 28, 236, 158, 244, 169, 243, 123, 170, 10, 59, 124, 237, 140, 12, 167, 250, 197, 4, 193, 217, 198, 110, 133, 161, 23, 89, 199, 40, 214, 78, 232, 202, 11, 64, 91, 33, 9, 121, 16, 18, 145, 75, 99, 111, 20, 48, 120, 188, 223, 97, 58, 108, 85, 129, 186, 147, 88, 208, 103, 216, 41, 220, 122, 148, 194, 196, 17, 229, 128, 14, 130, 227, 168, 119, 240, 36, 142, 165, 19, 157, 225, 118, 30, 49, 242, 98, 139, 203, 83, 146, 79, 102, 230, 241, 189, 173, 76, 29, 87, 81, 190, 178, 150, 6, 5, 38, 2, 15, 239, 154, 22, 200, 160, 51, 50, 138, 67, 162, 26, 164, 226, 174, 70, 8, 74, 112, 175, 184, 71, 100, 151, 104, 94, 204, 207, 114, 35, 115, 43, 93, 144, 201, 212, 181, 82, 7, 245, 191, 24, 45, 180, 136, 218, 116, 192, 182, 135, 221, 209, 155, 63, 107, 44};

3) Size 500 :

Test[] = {
    445, 57, 12, 322, 469, 2, 132, 273, 433, 125, 315, 450, 239, 491, 406, 24, 42, 289, 371, 465, 313, 195, 221, 280, 171, 401, 74, 440, 338, 73, 355, 456, 68, 441, 78, 141, 344, 299, 181, 36, 152, 14, 376, 140, 283, 335, 161, 301, 407, 213, 76, 119, 294, 62, 23, 262, 307, 290, 481, 500, 373, 426, 225, 399, 368, 284, 137, 246, 110, 302, 15, 121, 305, 97, 201, 354, 255, 82, 49, 494, 467, 348, 75, 170, 55, 408, 7, 341, 269, 248, 428, 180, 288, 454, 464, 59, 52, 483, 324, 39, 492, 26, 179, 461, 352, 113, 416, 414, 374, 498, 154, 434, 134, 30, 64, 375, 187, 259, 457, 99, 279, 260, 386, 282, 499, 207, 253, 210, 10, 361, 145, 5, 482, 176, 215, 63, 235, 114, 473, 300, 350, 489, 93, 21, 398, 404, 327, 378, 9, 81, 86, 443, 29, 13, 233, 356, 449, 91, 8, 431, 231, 249, 267, 102, 364, 381, 468, 88, 359, 390, 451, 242, 192, 263, 165, 410, 205, 157, 150, 278, 45, 184, 316, 31, 339, 84, 385, 28, 303, 395, 241, 391, 126, 159, 490, 44, 85, 384, 41, 106, 122, 167, 224, 471, 243, 485, 129, 166, 226, 48, 389, 203, 310, 318, 417, 156, 216, 186, 199, 400, 164, 342, 169, 238, 89, 382, 66, 16, 275, 175, 67, 18, 296, 369, 442, 116, 427, 244, 35, 421, 430, 54, 105, 211, 138, 474, 332, 319, 80, 388, 60, 136, 436, 108, 217, 444, 287, 346, 87, 488, 223, 320, 19, 194, 462, 452, 367, 439, 219, 79, 33, 271, 411, 96, 366, 43, 50, 83, 153, 1, 437, 351, 160, 281, 495, 432, 314, 123, 196, 266, 130, 402, 362, 349, 112, 466, 472, 11, 206, 459, 56, 392, 493, 128, 363, 265, 377, 146, 120, 317, 177, 230, 209, 321, 479, 330, 182, 22, 343, 308, 268, 168, 220, 101, 142, 214, 109, 77, 336, 360, 139, 347, 496, 370, 245, 229, 3, 6, 297, 423, 394, 197, 107, 298, 94, 480, 261, 27, 124, 143, 47, 379, 438, 198, 418, 188, 218, 258, 70, 69, 17, 458, 334, 345, 453, 251, 189, 325, 470, 183, 393, 328, 409, 293, 372, 172, 234, 448, 435, 405, 292, 247, 104, 46, 237, 277, 412, 304, 484, 61, 193, 274, 71, 380, 311, 256, 295, 115, 424, 25, 208, 212, 111, 144, 323, 127, 163, 285, 90, 422, 190, 53, 475, 396, 227, 463, 58, 202, 460, 252, 312, 497, 329, 240, 100, 270, 333, 200, 34, 425, 306, 4, 103, 173, 420, 403, 340, 486, 326, 178, 20, 155, 185, 455, 236, 357, 286, 204, 254, 476, 331, 72, 51, 174, 383, 272, 477, 358, 250, 148, 447, 446, 487, 38, 291, 149, 478, 309, 191, 117, 118, 222, 147, 264, 413, 133, 397, 365, 92, 232, 32, 257, 95, 353, 387, 135, 131, 337, 151, 98, 419, 40, 162, 37, 415, 65, 429, 228, 276, 158};

4) Size 1000 :

Test[] = {
    612, 559, 145, 372, 812, 696, 4, 209, 857, 488, 238, 48, 34, 460, 190, 362, 142, 192, 659, 909, 89, 660, 774, 226, 850, 425, 943, 387, 648, 694, 113, 417, 912, 33, 215, 68, 324, 764, 16, 772, 164, 837, 239, 997, 755, 566, 457, 792, 709, 996, 115, 731, 377, 229, 714, 627, 62, 2, 747, 337, 481, 734, 76, 732, 875, 122, 218, 752, 207, 518, 600, 725, 1000, 10, 838, 669, 316, 153, 361, 297, 835, 198, 521, 1, 585, 844, 381, 440, 450, 554, 605, 592, 168, 286, 392, 985, 883, 534, 901, 165, 539, 939, 386, 624, 519, 298, 859, 616, 969, 476, 918, 378, 635, 281, 446, 947, 575, 6, 636, 862, 684, 262, 431, 811, 45, 930, 257, 683, 420, 544, 64, 751, 452, 806, 451, 126, 244, 919, 784, 339, 18, 961, 974, 590, 462, 391, 302, 892, 475, 24, 826, 781, 482, 456, 805, 711, 307, 352, 418, 953, 789, 726, 96, 963, 703, 618, 504, 367, 515, 641, 42, 966, 163, 495, 374, 583, 296, 97, 698, 217, 608, 730, 890, 630, 716, 493, 573, 871, 750, 173, 870, 765, 801, 531, 202, 940, 527, 950, 889, 213, 880, 175, 988, 479, 704, 675, 487, 763, 206, 383, 436, 104, 161, 88, 925, 305, 240, 231, 57, 887, 864, 489, 549, 467, 496, 402, 913, 556, 162, 744, 172, 882, 199, 183, 591, 439, 127, 821, 606, 196, 903, 464, 269, 95, 396, 225, 938, 673, 404, 622, 437, 356, 395, 565, 510, 102, 571, 885, 609, 881, 603, 719, 370, 840, 546, 533, 58, 529, 419, 70, 331, 41, 22, 514, 314, 473, 957, 522, 438, 643, 629, 85, 564, 434, 769, 965, 569, 212, 839, 856, 435, 43, 560, 157, 385, 423, 815, 926, 248, 322, 416, 236, 607, 888, 681, 29, 865, 151, 90, 511, 299, 458, 986, 654, 617, 621, 195, 551, 760, 366, 347, 326, 294, 735, 829, 463, 952, 73, 543, 98, 256, 876, 728, 53, 572, 576, 359, 664, 208, 672, 308, 656, 597, 550, 737, 967, 614, 235, 188, 334, 320, 466, 822, 92, 817, 389, 40, 253, 388, 633, 981, 13, 276, 266, 860, 293, 442, 349, 335, 989, 879, 934, 796, 787, 329, 707, 167, 809, 545, 567, 12, 756, 992, 499, 51, 858, 682, 5, 775, 584, 810, 653, 28, 982, 194, 670, 300, 258, 169, 932, 668, 861, 7, 295, 620, 712, 400, 500, 649, 204, 785, 187, 375, 344, 292, 720, 338, 505, 699, 376, 578, 270, 77, 640, 116, 661, 108, 216, 86, 580, 748, 55, 490, 469, 715, 306, 680, 581, 474, 723, 66, 771, 820, 807, 447, 651, 761, 906, 131, 140, 553, 182, 233, 816, 655, 84, 995, 852, 526, 782, 509, 413, 949, 924, 945, 477, 121, 753, 346, 894, 254, 933, 768, 117, 59, 120, 968, 724, 695, 406, 951, 579, 340, 867, 107, 205, 155, 449, 128, 547, 20, 542, 878, 667, 430, 364, 613, 393, 623, 917, 818, 315, 146, 63, 991, 82, 319, 421, 171, 214, 129, 596, 363, 465, 803, 647, 30, 332, 470, 343, 745, 251, 125, 611, 634, 246, 333, 471, 970, 555, 210, 972, 813, 130, 71, 742, 260, 923, 223, 483, 39, 541, 100, 767, 135, 869, 14, 722, 56, 650, 928, 873, 626, 321, 348, 893, 665, 380, 619, 114, 877, 9, 777, 507, 441, 798, 54, 833, 189, 159, 625, 916, 38, 793, 141, 111, 342, 922, 570, 841, 891, 615, 718, 721, 255, 980, 628, 506, 75, 644, 884, 445, 836, 47, 390, 368, 897, 757, 23, 688, 595, 733, 780, 271, 412, 762, 288, 956, 263, 247, 770, 32, 178, 975, 67, 601, 330, 448, 79, 942, 749, 905, 399, 842, 845, 911, 119, 849, 432, 137, 408, 136, 184, 907, 358, 403, 964, 138, 823, 783, 513, 779, 563, 508, 855, 834, 929, 455, 819, 678, 898, 290, 158, 265, 211, 287, 443, 800, 186, 799, 568, 530, 512, 797, 843, 632, 941, 401, 528, 379, 81, 65, 776, 78, 525, 166, 341, 468, 365, 44, 520, 69, 598, 25, 790, 631, 237, 900, 825, 74, 200, 739, 203, 313, 176, 786, 242, 558, 345, 27, 453, 103, 328, 384, 261, 426, 19, 124, 574, 99, 671, 959, 351, 72, 480, 110, 444, 532, 123, 973, 710, 147, 689, 486, 250, 920, 773, 87, 427, 642, 866, 350, 323, 896, 429, 828, 354, 279, 245, 35, 741, 872, 149, 264, 868, 83, 273, 586, 910, 17, 517, 101, 727, 491, 502, 154, 382, 227, 373, 536, 804, 11, 848, 360, 283, 160, 139, 637, 355, 594, 886, 230, 638, 646, 274, 993, 109, 915, 832, 503, 312, 740, 397, 498, 177, 538, 931, 937, 148, 478, 454, 847, 309, 983, 228, 602, 301, 318, 93, 221, 552, 105, 697, 908, 497, 232, 133, 179, 700, 291, 978, 990, 289, 666, 604, 52, 977, 193, 902, 282, 652, 729, 80, 824, 736, 144, 414, 955, 222, 758, 674, 357, 677, 304, 589, 914, 662, 272, 854, 433, 156, 407, 904, 686, 31, 94, 717, 180, 788, 181, 874, 708, 971, 150, 946, 548, 998, 693, 394, 557, 409, 645, 846, 50, 303, 461, 705, 524, 415, 201, 802, 561, 284, 174, 935, 371, 405, 325, 422, 185, 459, 197, 36, 976, 588, 8, 827, 398, 593, 424, 285, 663, 690, 987, 851, 3, 794, 118, 582, 494, 577, 280, 277, 234, 152, 259, 243, 754, 537, 685, 252, 895, 484, 743, 958, 936, 738, 814, 954, 863, 962, 132, 492, 336, 60, 224, 15, 921, 37, 170, 540, 49, 639, 948, 658, 112, 311, 134, 369, 310, 702, 778, 472, 795, 853, 960, 278, 676, 428, 46, 535, 353, 944, 687, 219, 899, 692, 220, 610, 701, 267, 830, 191, 808, 657, 599, 679, 91, 999, 994, 746, 831, 249, 26, 516, 501, 317, 979, 241, 106, 766, 485, 691, 411, 562, 706, 327, 61, 275, 791, 713, 927, 21, 268, 759, 984, 523, 587, 143, 410};

5) Size 2000 :

Test[] = {1389, 949, 1948, 1515, 1048, 1976, 1705, 170, 1453, 62, 369, 826, 776, 527, 754, 1667, 979, 1641, 899, 1666, 1062, 1880, 279, 245, 1476, 667, 859, 403, 704, 491, 1462, 650, 543, 107, 1051, 1305, 242, 1260, 860, 52, 786, 839, 2, 207, 1747, 495, 434, 1448, 1338, 215, 1431, 1722, 71, 1558, 1114, 1447, 861, 1142, 1602, 538, 1613, 1859, 838, 935, 1816, 1637, 504, 2000, 738, 1265, 166, 383, 161, 463, 1643, 92, 377, 346, 1827, 1684, 825, 352, 120, 1663, 1270, 1057, 1047, 1232, 691, 1163, 442, 1944, 1864, 1230, 108, 297, 1162, 1526, 282, 576, 368, 1373, 8, 952, 1753, 1971, 1568, 1037, 1609, 1614, 331, 121, 756, 1303, 476, 313, 1193, 590, 725, 325, 105, 16, 220, 1504, 1293, 1741, 1327, 315, 1082, 909, 1133, 1548, 1573, 833, 68, 578, 1225, 673, 385, 1863, 895, 322, 1056, 1322, 1177, 222, 1332, 1688, 194, 863, 1625, 472, 135, 966, 256, 983, 1888, 1285, 366, 1407, 1779, 947, 1795, 1143, 1369, 118, 1317, 1749, 1763, 1655, 150, 117, 1403, 1931, 606, 455, 1103, 498, 281, 380, 1882, 208, 185, 1855, 1094, 694, 1430, 1764, 518, 1823, 78, 1450, 1376, 1840, 1446, 499, 1277, 19, 145, 882, 1960, 846, 763, 266, 1391, 1089, 1092, 1522, 1069, 1624, 233, 702, 1730, 1532, 1802, 1622, 916, 1329, 1933, 1111, 834, 813, 218, 1877, 1574, 1660, 1294, 361, 1608, 139, 1886, 819, 224, 1215, 1901, 1828, 299, 1271, 1181, 836, 548, 1831, 286, 993, 305, 858, 1517, 1850, 1669, 760, 254, 589, 1626, 1656, 1148, 388, 1756, 1278, 679, 1097, 241, 1131, 1313, 260, 1472, 1986, 1702, 197, 1695, 1422, 367, 27, 1179, 1897, 996, 541, 999, 652, 676, 435, 443, 1121, 758, 236, 1970, 1583, 1869, 51, 965, 1218, 1178, 1339, 1758, 1392, 244, 1141, 149, 1651, 1174, 1993, 1956, 1341, 821, 796, 874, 1560, 1075, 741, 1307, 53, 450, 891, 1021, 1425, 1274, 74, 898, 628, 349, 1951, 1269, 1891, 98, 937, 636, 1398, 1195, 631, 506, 680, 278, 249, 681, 384, 1010, 1545, 439, 718, 272, 1213, 1203, 1343, 405, 1041, 1798, 1734, 614, 1525, 1308, 112, 542, 58, 977, 1799, 961, 1482, 663, 678, 654, 75, 915, 953, 670, 408, 566, 1124, 1937, 1905, 1244, 1754, 1703, 420, 1836, 1424, 1616, 359, 494, 1627, 598, 106, 645, 697, 396, 1765, 1387, 317, 287, 617, 1334, 471, 1966, 985, 1052, 962, 849, 597, 1797, 1050, 1487, 1404, 502, 1068, 1620, 1885, 712, 1119, 892, 1402, 304, 701, 1370, 451, 575, 1699, 672, 1592, 1508, 1826, 564, 1818, 647, 1053, 1060, 699, 1023, 1365, 1988, 687, 1113, 1503, 920, 1593, 77, 879, 1011, 1138, 474, 919, 727, 1878, 501, 743, 1925, 65, 1732, 1714, 328, 660, 1192, 1063, 423, 1665, 1295, 1248, 1815, 59, 802, 870, 1224, 1717, 871, 1290, 1945, 1575, 1571, 1860, 560, 1606, 478, 1028, 128, 257, 862, 1630, 1834, 736, 1644, 567, 1904, 1084, 774, 626, 1106, 1136, 1361, 780, 1691, 1837, 526, 1919, 1773, 1155, 21, 355, 1533, 1506, 1498, 1480, 1676, 125, 1223, 1936, 1452, 1328, 373, 285, 1357, 1589, 592, 73, 810, 1268, 452, 765, 591, 1190, 493, 1654, 569, 28, 1662, 262, 600, 1942, 1170, 448, 446, 1204, 784, 1512, 395, 1767, 1862, 1649, 460, 1861, 163, 497, 816, 1055, 376, 595, 1381, 1184, 147, 677, 841, 1027, 1020, 250, 746, 1629, 1610, 329, 1489, 1500, 1434, 1544, 356, 151, 1724, 1200, 883, 97, 1778, 781, 123, 181, 1251, 837, 622, 739, 1820, 683, 1967, 1739, 975, 1743, 1078, 1623, 1874, 1570, 602, 1727, 783, 1146, 137, 1306, 755, 1123, 927, 970, 1420, 929, 530, 261, 513, 1541, 1611, 1383, 1058, 817, 1846, 1212, 441, 632, 806, 1120, 1238, 4, 253, 14, 703, 1934, 1553, 1678, 963, 1672, 820, 1923, 608, 1999, 612, 1427, 115, 60, 534, 1772, 1829, 258, 156, 402, 475, 690, 11, 1463, 1562, 312, 1397, 1191, 733, 186, 424, 1694, 519, 1677, 974, 868, 1784, 1670, 1679, 237, 364, 1030, 488, 54, 1109, 1164, 1556, 458, 140, 1492, 1693, 1531, 1205, 843, 1433, 1247, 1972, 761, 159, 247, 1940, 259, 777, 624, 995, 1107, 1762, 1304, 555, 226, 1474, 217, 938, 1194, 1196, 684, 1978, 1461, 1851, 422, 1382, 1484, 1214, 653, 779, 1440, 623, 30, 917, 1042, 490, 341, 1245, 1731, 1465, 529, 1435, 900, 1066, 327, 637, 235, 1510, 3, 808, 873, 1811, 789, 558, 64, 1832, 94, 1845, 267, 1973, 887, 1650, 1340, 1243, 981, 1750, 202, 648, 714, 572, 453, 1235, 1150, 1514, 25, 1137, 642, 1659, 912, 1819, 688, 604, 483, 584, 1634, 34, 1236, 1600, 1914, 1645, 1368, 986, 638, 1321, 1924, 869, 290, 521, 43, 1022, 1227, 437, 528, 507, 848, 462, 1314, 682, 1436, 980, 1267, 1963, 344, 933, 1252, 549, 1777, 1530, 1921, 326, 1337, 1445, 232, 1969, 1809, 1443, 508, 1833, 1116, 311, 875, 511, 1026, 1477, 50, 1770, 1166, 1275, 1825, 1707, 332, 1188, 1325, 1640, 1298, 551, 1894, 1786, 945, 1793, 1761, 164, 1073, 715, 522, 167, 1682, 523, 33, 1954, 1759, 12, 1315, 154, 17, 1040, 179, 1209, 225, 1742, 850, 1883, 1849, 649, 127, 1122, 537, 1246, 1331, 219, 867, 1580, 753, 1674, 1857, 415, 336, 433, 1350, 421, 337, 1535, 657, 950, 1675, 607, 1493, 63, 372, 401, 914, 1273, 939, 1848, 535, 1428, 1000, 1165, 47, 1792, 1390, 1033, 515, 1502, 1895, 1046, 1680, 343, 1176, 268, 416, 294, 801, 1585, 563, 1642, 1821, 42, 1898, 1647, 465, 1579, 1984, 1475, 1362, 1372, 729, 824, 610, 759, 655, 1632, 500, 1471, 1867, 905, 546, 243, 568, 300, 45, 1748, 1059, 906, 928, 248, 1126, 1455, 81, 426, 1080, 1300, 955, 948, 284, 1701, 1658, 894, 345, 844, 960, 1979, 1523, 1847, 271, 536, 1401, 1411, 750, 122, 1803, 658, 397, 505, 744, 1728, 707, 1633, 782, 1206, 923, 1444, 1906, 1636, 1279, 428, 737, 713, 480, 1653, 1912, 173, 1814, 464, 971, 374, 1079, 1578, 840, 748, 9, 1416, 1067, 1774, 1202, 1348, 457, 605, 1621, 13, 445, 1239, 1441, 1197, 1872, 1639, 1603, 1751, 525, 908, 1537, 1808, 1671, 1160, 1388, 1720, 1844, 1005, 1796, 1406, 489, 634, 1036, 1519, 1635, 740, 1250, 1721, 1013, 171, 1752, 129, 1312, 1038, 1854, 90, 1088, 1413, 1417, 865, 1149, 189, 1980, 96, 5, 1618, 492, 133, 61, 768, 944, 1581, 1959, 689, 216, 1355, 113, 1309, 1198, 520, 265, 1035, 1842, 1002, 583, 671, 1419, 1132, 1168, 484, 1953, 890, 1272, 371, 1638, 922, 618, 412, 1852, 925, 831, 201, 1157, 1240, 7, 1096, 338, 1483, 178, 510, 269, 1154, 487, 1871, 625, 449, 562, 440, 1805, 89, 1395, 148, 926, 804, 616, 698, 1029, 1242, 134, 1283, 1263, 1457, 1935, 751, 393, 1064, 1615, 720, 1344, 854, 619, 685, 901, 234, 131, 1873, 770, 40, 130, 1690, 168, 1495, 1617, 110, 1438, 932, 1320, 734, 1233, 693, 1824, 911, 87, 1284, 1256, 1856, 255, 775, 1128, 815, 1282, 1920, 1426, 1437, 788, 1081, 1657, 1183, 730, 210, 79, 1, 1478, 169, 447, 1032, 187, 686, 1547, 72, 1409, 818, 378, 1801, 203, 399, 1310, 1255, 1527, 828, 872, 1782, 223, 1652, 314, 812, 1169, 44, 1418, 1949, 1296, 1806, 1889, 213, 1098, 1943, 348, 1259, 785, 1501, 246, 1965, 146, 1709, 1377, 643, 1161, 940, 1108, 1902, 270, 705, 1229, 1807, 333, 238, 1597, 695, 350, 93, 942, 1360, 957, 772, 1153, 24, 1009, 417, 795, 1172, 706, 1628, 791, 557, 1612, 1723, 190, 1700, 559, 276, 1180, 1950, 787, 1353, 514, 340, 1399, 1746, 124, 1324, 1599, 229, 1201, 1673, 212, 1185, 180, 700, 1249, 119, 1451, 209, 668, 280, 288, 1915, 1410, 1186, 162, 1264, 1552, 1738, 1302, 958, 1351, 889, 88, 1529, 1364, 365, 1572, 627, 913, 1565, 885, 176, 1698, 561, 293, 570, 1576, 473, 184, 982, 550, 298, 1071, 419, 410, 921, 1794, 1458, 334, 274, 357, 438, 1144, 1347, 174, 571, 482, 1004, 594, 1598, 893, 100, 1726, 888, 1481, 1167, 1706, 851, 1127, 881, 556, 1147, 517, 599, 1664, 1557, 994, 56, 1496, 1768, 1375, 339, 1858, 1887, 400, 1893, 1788, 1485, 470, 1044, 199, 1488, 136, 101, 1158, 747, 1281, 55, 669, 1804, 414, 1866, 1130, 1460, 934, 1115, 386, 1903, 1958, 358, 1207, 418, 330, 1219, 641, 409, 391, 710, 978, 427, 639, 1019, 644, 696, 31, 1879, 1536, 554, 1354, 662, 413, 1333, 48, 1713, 1540, 1316, 1930, 1910, 1513, 827, 719, 1018, 172, 1151, 1043, 1952, 1596, 191, 1470, 66, 1241, 1995, 1619, 1299, 228, 1977, 1494, 1584, 379, 143, 1586, 723, 1681, 845, 1812, 1689, 943, 633, 200, 1258, 1766, 309, 675, 503, 1716, 1286, 1890, 296, 320, 1683, 1566, 1708, 1182, 1744, 227, 1932, 732, 1564, 593, 69, 46, 799, 318, 805, 160, 316, 1968, 972, 1220, 577, 742, 1735, 1216, 342, 1563, 1516, 351, 852, 1412, 193, 1838, 1454, 76, 1118, 580, 512, 1101, 1998, 1140, 749, 1221, 370, 778, 988, 540, 1791, 907, 1868, 321, 289, 711, 141, 829, 1590, 295, 842, 6, 1521, 1549, 1781, 1319, 406, 1817, 516, 1787, 1985, 880, 973, 1719, 214, 807, 404, 486, 1139, 1072, 1187, 206, 1222, 1466, 629, 878, 1737, 964, 57, 1875, 823, 1588, 1085, 588, 1356, 35, 708, 1342, 1780, 1711, 306, 1990, 86, 158, 1975, 394, 579, 82, 835, 731, 1909, 302, 1378, 95, 1605, 1199, 811, 941, 10, 264, 252, 456, 1003, 1152, 1715, 182, 303, 1559, 976, 666, 1405, 745, 762, 1065, 196, 381, 1408, 1105, 496, 1981, 292, 323, 263, 992, 1569, 436, 877, 630, 1468, 1505, 1261, 1396, 897, 1524, 884, 1835, 984, 661, 84, 1992, 1266, 390, 769, 188, 1946, 1853, 444, 177, 1473, 1015, 896, 767, 1349, 1899, 1554, 1661, 221, 524, 1692, 1135, 70, 717, 291, 1841, 1145, 1117, 766, 635, 1049, 1542, 425, 659, 1491, 790, 310, 39, 1171, 22, 1926, 469, 997, 1800, 1415, 1467, 664, 461, 1034, 116, 1007, 1070, 544, 29, 466, 726, 354, 1014, 109, 481, 586, 757, 951, 822, 1456, 1769, 153, 1228, 1685, 1091, 1939, 1380, 240, 454, 1366, 251, 36, 1843, 904, 467, 1173, 585, 1686, 1217, 531, 674, 792, 382, 1957, 800, 621, 1449, 1687, 1733, 596, 1961, 144, 1006, 539, 651, 1346, 1330, 1776, 1254, 85, 1432, 1913, 230, 15, 138, 1555, 989, 126, 987, 692, 375, 910, 1025, 1810, 1039, 1983, 959, 1374, 1922, 324, 1486, 587, 1582, 1297, 1974, 793, 1175, 103, 1016, 967, 1110, 1881, 1211, 1008, 275, 1012, 1509, 398, 1755, 1745, 1358, 855, 1087, 1359, 362, 430, 1257, 1648, 32, 1414, 1336, 1421, 721, 853, 565, 407, 728, 1280, 771, 1326, 1911, 1987, 954, 1076, 1234, 1870, 1231, 142, 1704, 319, 1499, 1371, 477, 902, 1865, 104, 459, 1423, 545, 1226, 1024, 1100, 613, 803, 1090, 1507, 26, 752, 363, 857, 431, 353, 277, 814, 479, 615, 91, 1896, 1323, 797, 1595, 611, 157, 389, 603, 656, 1561, 1054, 1102, 946, 1386, 80, 1740, 1276, 809, 1830, 1385, 609, 1928, 646, 547, 709, 1345, 998, 283, 1736, 1710, 1982, 1994, 601, 552, 1384, 18, 1955, 192, 1074, 620, 764, 1908, 735, 1577, 1497, 1291, 532, 1210, 1997, 1729, 211, 155, 936, 1528, 1884, 1439, 1718, 37, 468, 1927, 1086, 581, 335, 1099, 1587, 183, 1892, 1189, 152, 1918, 165, 308, 1760, 175, 347, 640, 969, 665, 1771, 864, 1646, 198, 195, 991, 114, 1262, 1941, 1916, 1520, 204, 1712, 956, 99, 1289, 1292, 1964, 903, 1129, 1631, 23, 301, 1017, 1783, 1789, 1839, 1538, 1876, 1991, 411, 1311, 1900, 1237, 1031, 1208, 1083, 1757, 1604, 1591, 1394, 1696, 1400, 38, 573, 847, 1546, 1822, 429, 1288, 1367, 1518, 1379, 1464, 924, 1534, 876, 1363, 1001, 83, 1775, 231, 886, 553, 1917, 794, 1813, 307, 574, 716, 1668, 1352, 102, 1962, 1045, 1318, 1551, 1929, 1104, 1301, 1785, 392, 856, 1594, 1287, 1469, 1093, 1601, 832, 20, 722, 1607, 1725, 1156, 49, 773, 968, 1947, 1567, 1393, 830, 1112, 67, 990, 582, 1479, 1539, 1996, 111, 866, 1907, 1442, 1061, 387, 1253, 1095, 1159, 1511, 533, 432, 931, 360, 1077, 485, 1550, 1697, 273, 41, 1134, 1429, 1938, 1459, 509, 1790, 239, 1335, 798, 132, 1490, 930, 918, 1989, 205, 1125, 1543, 724};



